image_name: yourDoodle
content: [[[[127.32     130.221    132.061   ]
   [127.32     130.22101  132.061   ]
   [127.32     130.221    132.06102 ]
   ...
   [126.32003  127.221016 124.061   ]
   [126.32     127.221    124.06101 ]
   [126.32     127.221016 124.061   ]]

  [[127.32     130.221    132.06099 ]
   [127.32     130.22101  132.06099 ]
   [127.32     130.221    132.061   ]
   ...
   [126.32003  127.221    124.061   ]
   [126.32     127.220985 124.061   ]
   [126.32     127.221    124.061   ]]

  [[127.32     130.221    132.061   ]
   [127.32     130.22101  132.061   ]
   [127.320015 130.221    132.06102 ]
   ...
   [126.32003  127.22103  124.061   ]
   [126.32     127.220985 124.06101 ]
   [126.32     127.22103  124.061   ]]

  ...

  [[131.32     136.221    151.061   ]
   [131.32     136.221    151.061   ]
   [131.32     136.221    151.061   ]
   ...
   [131.32     138.221    151.061   ]
   [131.32     138.221    151.061   ]
   [131.32     138.221    151.061   ]]

  [[131.32     136.221    151.061   ]
   [131.32     136.221    151.061   ]
   [131.32     136.221    151.061   ]
   ...
   [131.32     138.221    151.061   ]
   [131.32     138.221    151.061   ]
   [131.32     138.221    151.061   ]]

  [[131.32     136.221    151.061   ]
   [131.32     136.221    151.061   ]
   [131.32     136.221    151.061   ]
   ...
   [131.32     138.221    151.061   ]
   [131.32     138.221    151.061   ]
   [131.32     138.221    151.061   ]]]]
styles[0]: 1.0 * [[[[ 130.32      137.221     150.061   ]
   [ 130.32      137.221     150.061   ]
   [ 130.32      137.221     150.061   ]
   ...
   [  16.364342   23.265343   36.105343]
   [ 118.3099    125.2109    138.0509  ]
   [ 126.64591   133.5469    146.38692 ]]

  [[ 130.32      137.221     150.061   ]
   [ 130.32      137.221     150.061   ]
   [ 130.32      137.221     150.061   ]
   ...
   [ 105.38027   112.28127   125.12127 ]
   [ 127.04865   133.94965   146.78966 ]
   [ 126.27129   133.17229   146.0123  ]]

  [[ 130.31999   137.22098   150.06099 ]
   [ 130.31999   137.22098   150.06099 ]
   [ 130.31999   137.22098   150.06099 ]
   ...
   [ 128.30273   135.20372   148.04373 ]
   [ 126.901115  133.80211   146.64212 ]
   [ 122.932076  129.83307   142.67308 ]]

  ...

  [[-109.07881  -102.17781   -89.30962 ]
   [-107.82328  -100.92228   -88.05409 ]
   [-106.71257   -99.81157   -86.94338 ]
   ...
   [ 127.09139   133.99239   146.8324  ]
   [ 128.46971   135.3707    148.21071 ]
   [ 129.53313   136.43411   149.27412 ]]

  [[-109.405426 -102.504425  -87.66443 ]
   [-109.497444 -102.59644   -87.75645 ]
   [-108.26163  -101.36063   -86.52063 ]
   ...
   [ 118.461815  125.362816  138.20282 ]
   [ 126.78379   133.68478   146.5248  ]
   [ 129.55664   136.45763   149.29764 ]]

  [[-107.51616  -100.61516   -85.77516 ]
   [-110.69319  -103.79219   -88.952194]
   [-108.652626 -101.751625  -86.91162 ]
   ...
   [  31.310493   38.211494   51.051495]
   [ 121.638695  128.53969   141.3797  ]
   [ 128.31522   135.2162    148.05621 ]]]]
init_type: content
content_weight: 5.0
style_weight: 10000.0
tv_weight: 0.001
content_layers: ['conv4_2']
style_layers: ['relu1_1', 'relu2_1', 'relu3_1', 'relu4_1', 'relu5_1']
optimizer_type: lbfgs
max_iterations: 10
max_image_size: 512
